feature	Actinobacteria	Bacteroidetes	Cyanobacteria	Euryarchaeota	Firmicutes	Fusobacteria	Proteobacteria	Synergistetes	Tenericutes	Verrucomicrobia
LLM.2012.11.06	0.00457317073170732	0.134654471544715	0.000304878048780488	0.0345528455284553	0.45020325203252	NA	0.317276422764228	0.000508130081300813	0.000304878048780488	0.0576219512195122
LLM.2013.01.26	0.00245298446443173	0.457890433360589	0.00173753066230581	0.00102207686017989	0.452677841373671	0.000102207686017989	0.0494685200327065	0.00112428454619787	0.00163532297628782	0.0318887980376124
LLM.2013.02.08	0.00183355403891209	0.370479779973515	0.000407456453091576	0.00101864113272894	0.452072934705103	0.00366710807782418	0.143933992054599	0.000407456453091576	0.00112050524600183	0.0250585718651319
LLM.2013.02.05	0.00236285185946168	0.35997534415451	NA	0.00102732689541812	0.515615368810355	0.0127388535031847	0.0389356893363468	0.00123279227450175	0.000513663447709061	0.0675981097185124
LLM.2013.03.24	0.00172029953450718	0.363084395871281	0.00101194090265129	0.00101194090265129	0.424306820481684	0.000809552722121028	0.199453551912568	0.000101194090265129	0.0035417931592795	0.0049585104229913
LLM.2013.04.07	0.00142233059026719	0.41369501168343	0.000609570252971655	0.00101595042161942	0.419689119170985	0.0149344711978055	0.141826678858072	0.000203190084323885	0.00162552067459108	0.00497815706593518
LLM.2013.04.29	0.00223486387647298	0.3649939049167	NA	0.00101584721657863	0.486184477854531	0.00121901665989435	0.139374238114588	0.000101584721657863	0.000304754164973588	0.00457131247460382
LLM.2013.07.14	0.00312279641382089	0.352573788657198	NA	NA	0.470434169436889	0.000503676840938854	0.169235418555455	0.000100735368187771	0.00151103052281656	0.00251838420469427
LLM.2013.09.03	0.00463803186126235	0.211635410364993	NA	0.0020165355918532	0.433958459366808	0.00020165355918532	0.346339987900786	0.00010082677959266	0.000403307118370639	0.000705787457148619
LLM.2013.09.24	0.00679926933225086	0.174345443474731	NA	0.0010148163182464	0.454637710574386	0.00010148163182464	0.361680535823016	0.00010148163182464	0.00111629795007104	0.000202963263649279
LLM.2013.11.10	0.00293581696699737	0.346223931970034	NA	NA	0.379429034217453	0.000101235067827495	0.26918404535331	NA	0.00161976108523993	0.000506175339137477
LLM.2013.12.14	0.0113337381096944	0.348107670512042	NA	0.00101194090265128	0.352155434122647	NA	0.279295689131755	0.00101194090265128	NA	0.00708358631855899
LLM.2014.01.19	0.00310462589257994	0.39532236365518	NA	0.00103487529752665	0.359515678360758	0.00413950119010659	0.0807202732070785	0.000620925178515989	0.0020697505950533	0.153472006623202
LLM.2014.02.17	0.00223759153783564	0.391680227827502	NA	0.00101708706265256	0.360964198535395	0.00823840520748576	0.176057770545159	0.00305126118795769	0.0065093572009764	0.0502441008950366
LLM.2014.03.23	0.000811359026369168	0.333772819472617	NA	0.00101419878296146	0.404259634888438	0.000101419878296146	0.214300202839757	0.000608519269776876	0.00517241379310345	0.0399594320486815
LLM.2014.05.04	0.00305903946160905	0.282043438360355	NA	0.00407871928214541	0.404506984806771	0.0020393596410727	0.259304578362394	0.00234526358723361	0.00295707147955542	0.0396655450188641
LLM.2014.06.16	0.000912038913660316	0.437677340899878	0.00516822051074179	NA	0.31860559383867	0.000202675314146737	0.184738548844751	0.000405350628293474	0.00273611674098095	0.0495541143088772
LLM.2014.07.24	0.00162354134956875	0.389649923896499	0.0105530187721969	0.00101471334348047	0.448097412480974	0.00121765601217656	0.0509386098427194	0.00091324200913242	0.00426179604261796	0.0917300862506342
LLM.2014.08.22	0.00520939734422881	0.204392236976507	0.00377936670071502	0.00204290091930541	0.683043922369765	NA	0.0876404494382023	0.000102145045965271	0.00183861082737487	0.0119509703779367
LLM.2014.08.25	0.0102616726526424	0.358337609030272	0.000205233453052848	0.00513083632632119	0.475320677270395	0.000513083632632119	0.0444330425859415	0.00246280143663417	0.00379681888147768	0.0995382247306311
LLM.2014.09.28	0.00121248863291907	0.331312518945135	0.00596140244518541	0.00101040719409922	0.459937354753966	0.000101040719409922	0.195816914216429	0.000101040719409922	0.0009093664746893	0.0036374658987572
LLM.2014.11.16	0.00100664384940608	0.324743305818401	0.00201328769881216	0.00100664384940608	0.490134890275821	0.00241594523857459	0.174250050332192	NA	0.00191262331387155	0.0025166096235152
LLM.2014.12.07	0.00255154113084303	0.298836497244336	0.00734843845682793	0.00204123290467442	0.590834864258012	0.000204123290467442	0.078689528475199	0.000408246580934885	0.00214329454990815	0.0169422331087977
LLM.2014.12.17	0.00152021891152326	0.477044694435999	0.00608087564609304	NA	0.363535015708929	0.00131752305665349	0.139961487787575	0.000202695854869768	0.0025336981858721	0.00780379041248606
LLM.2015.01.06	0.00213588283157038	0.413751017087063	0.000610252237591538	0.00101708706265256	0.337367778681855	0.0023393002441009	0.132119609438568	0.000203417412530513	0.00132221318144833	0.10913344182262
LLM.2015.01.14	0.00285976917577367	0.32836278214687	0.00398324992339904	0.00204269226840976	0.454907568174854	0.000510673067102441	0.0941681135736901	0.00102134613420488	0.00377898069655806	0.108364824839138
LLM.2015.01.25	0.00242350802787034	0.245582146824195	0.00313036453599919	0.00302938503483793	0.465010602847622	0.000807836009290114	0.0303948298495406	0.0014137130162577	0.0042411390487731	0.243966474805615
LLM.2015.02.08	0.00182333873581848	0.310777957860616	0.0030388978930308	0.0020259319286872	0.560980551053484	0.000405186385737439	0.0627025931928687	0.000911669367909238	0.0015194489465154	0.0558144246353323
LLM.2015.02.23	0.00283515593357635	0.249493722154718	0.00232887808829486	0.00202511138112596	0.625455650060753	NA	0.10996354799514	0.000202511138112596	0.00172134467395707	0.00597407857432159
LLM.2015.03.08	0.00439942705136075	0.315837937384899	0.00010231225700839	0.00439942705136075	0.512482095355024	0.00010231225700839	0.120012277470841	0.00184162062615101	0.000613873542050338	0.0402087170042971
LLM.2015.03.24	0.002050020500205	0.264555145551455	0.0014350143501435	0.003690036900369	0.538847888478885	0.003280032800328	0.0400779007790078	0.00297252972529725	0.002870028700287	0.140221402214022
LLM.2015.04.04	0.00616966580976864	0.182210796915167	0.00339331619537275	0.00308483290488432	0.72853470437018	NA	0.0612853470437018	0.000411311053984576	0.00246786632390746	0.0124421593830334
LLM.2015.04.19	0.00142363229611552	0.221374822045963	0.00183038438071995	0.00213544844417328	0.448545861297539	0.0127110026438885	0.103721781574131	0.0024405125076266	0.00233882448647549	0.203477730323368
LLM.2015.05.03	0.00488698839340257	0.207493382203217	0.00122174709835064	0.00203624516391774	0.65495825697414	0.00101812258195887	0.087253105273875	0.00030543677458766	0.00132355935654653	0.0395031561800041
LLM.2015.05.31	0.00152936378466558	0.243372756933116	0.000101957585644372	0.00142740619902121	0.551284665579119	0.000713703099510604	0.111337683523654	0.00050978792822186	0.00132544861337684	0.0883972267536705
LLM.2015.06.14	0.00492257204389293	0.248794995385089	0.000615321505486617	0.00512767921238847	0.582914572864322	0.00266639319044201	0.0519946672136191	0.000512767921238847	0.00492257204389293	0.0975284586196288
LLM.2015.07.08	0.00181763102090276	0.373422195294355	0.000605877006967586	0.00100979501161264	0.476219327476522	0.00070685650812885	0.0728062203372715	0.000100979501161264	0.000201959002322529	0.0731091588407553
LLM.2015.07.09	0.00100725221595488	0.571514907332796	0.000302175664786462	NA	0.345688960515713	0.00040290088638195	0.0737308622078969	NA	NA	0.00735294117647059
LLM.2015.07.10	0.00132248219735504	0.439471007121058	0.000406917599186165	NA	0.342828077314344	0.0126144455747711	0.121973550356053	NA	NA	0.081383519837233
LLM.2015.07.11	0.00346161677866015	0.367949501119935	0.000203624516391774	0.00101812258195887	0.462227652209326	0.00743229484829974	0.0537568723274282	NA	NA	0.103950315618
LLM.2015.07.12	0.00101967982053635	0.454063424084837	0.00020393596410727	NA	0.389415723462833	0.00540430304884266	0.108799836851229	NA	NA	0.041093096767615
LLM.2015.07.15	0.00131379484588176	0.365538150581102	0.000202122283981809	NA	0.416978271854472	0.000101061141990905	0.194542698332491	0.000101061141990905	0.00121273370389085	0.0200101061141991
LLM.2015.07.19	0.00254712175241977	0.226490066225166	0.00356597045338767	0.00203769740193581	0.660723382577687	0.00193581253183902	0.0927152317880795	0.000203769740193581	0.00244523688232298	0.00733571064696893
LLM.2015.07.26	0.00294715447154472	0.231605691056911	0.00132113821138211	0.00203252032520325	0.596646341463415	0.00182926829268293	0.108333333333333	0.00040650406504065	0.00477642276422764	0.0501016260162602
LLM.2015.08.23	0.00151194436044754	0.289990928333837	0.00332627759298458	NA	0.542888821691362	NA	0.125995363370628	0.000503981453482512	0.00473742566273561	0.0310452575345227
LLM.2015.09.06	0.00101750101750102	0.457570207570208	0.00132275132275132	NA	0.39000814000814	0.0133292633292633	0.1003256003256	0.000712250712250712	0.00132275132275132	0.0343915343915344
LLM.2015.09.16	NA	0.561646586345382	0.00220883534136546	NA	0.275903614457831	NA	0.154417670682731	NA	0.000301204819277108	0.00552208835341365
LLM.2015.10.11	0.000301053687907677	0.398294029101857	0.0095333667837431	NA	0.528750627195183	NA	0.0299046663321626	NA	0.00461615654791771	0.0286001003512293
LLM.2015.11.08	0.000705289672544081	0.462670025188917	0.00795969773299748	NA	0.4255919395466	0.000201511335012594	0.0966246851385391	NA	0.00453400503778338	0.00171284634760705
LLM.2015.11.22	0.00121938827354944	0.239406564373539	0.000711309826237171	NA	0.614063611421603	0.000203231378924906	0.116553195813434	NA	0.0152423534193679	0.0126003454933442
LLM.2015.12.27	0.00172047363627163	0.212023074587592	0.0020240866309078	NA	0.713389333063455	0.00192288229936241	0.0348142900516142	0.000910838983908511	0.00293492561481631	0.0302600951320717
LLM.2016.01.10	0.000506072874493927	0.523380566801619	0.000506072874493927	NA	0.310931174089069	0.0173076923076923	0.0777327935222672	0.000708502024291498	0.00597165991902834	0.0629554655870445
LLM.2016.01.24	0.00242620299231702	0.25525677315002	0.000202183582693085	0.000202183582693085	0.618580671249494	0.028507885159725	0.0404367165386171	0.00232511120097048	0.00465022240194096	0.0474120501415285
LLM.2016.02.07	0.00283486888731396	0.211602713374506	0.0010124531740407	NA	0.618811379973676	0.0030373595221221	0.128480307785765	0.00030373595221221	0.00516351118760757	0.0287536701427559
LLM.2016.02.28	0.0037502533954997	0.176059193188729	0.000405432799513481	NA	0.74690857490371	0.00486519359416177	0.0262517737684979	0.0010135819987837	0.00668964119197243	0.0340563551591324
LLM.2016.03.13	0.00211885783472909	0.141257188981939	0.00201795984259913	NA	0.710120068610635	0.00151346988194935	0.0809201896882252	0.000201795984259913	0.011704167087075	0.0501463020885884
LLM.2016.03.27	0.00121396054628225	0.174102175012645	0.000708143651997977	NA	0.656044511886697	0.000404653515427415	0.102781992918564	0.000303490136570562	0.0175012645422357	0.0469398077895802
LLM.2016.04.24	0.000702740688685875	0.229595422146371	0.000903523742596125	NA	0.685674129103504	0.000501957634775625	0.0641501857243249	0.000301174580865375	0.00351370344342937	0.0146571629354482
LLM.2016.05.08	0.000906161900926299	0.175493354812727	0.000201369311316955	NA	0.53966975432944	0.000302053966975433	0.13229963753524	0.000503423278292388	0.0125855819573097	0.138038662907773
LLM.2016.05.22	NA	0.349053676698728	NA	NA	0.242424242424242	0.0159271899886234	0.122556624263109	0.014168993691178	0.0021718895439032	0.253697383390216
LLM.2016.06.05	0.00191841680129241	0.259794022617124	0.000504846526655897	NA	0.58986268174475	0.000302907915993538	0.105916801292407	0.000302907915993538	0.00888529886914378	0.0325121163166397
LLM.2016.06.15	0.00231714688696353	0.123916985694137	NA	NA	0.672577070320371	0.000302236550473504	0.157062260729398	NA	0.00816038686278461	0.0356639129558735
LLM.2016.06.19	0.00201288244766506	0.109198872785829	0.00100644122383253	NA	0.489935587761675	0.000805152979066023	0.256340579710145	0.000805152979066023	0.00513285024154589	0.134762479871176
LLM.2016.06.26	0.00251914550584442	0.323155985489722	0.00100765820233777	NA	0.567210802095929	0.000201531640467553	0.0687222893994357	0.000201531640467553	0.0073559048770657	0.0296251511487303
LLM.2016.07.03	0.00203231378924906	0.419164719032619	NA	NA	0.401686820445077	0.015039122040443	0.154151000914541	0.000203231378924906	0.00304847068387359	0.00467432171527284
LLM.2016.07.19	0.00162025316455696	0.0846582278481013	0.00030379746835443	NA	0.671594936708861	0.000911392405063291	0.222379746835443	0.0010126582278481	0.00172151898734177	0.0157974683544304
LLM.2016.07.31	0.000810783419479072	0.319245971419884	0.000810783419479072	NA	0.553055640012162	0.000608087564609304	0.121516164994426	NA	0.00283774196817675	0.00111482720178372
LLM.2016.08.14	0.00377628087364768	0.20514390691978	0.000408246580934885	NA	0.476832006531945	0.00734843845682792	0.246785058175138	0.000714431516636048	0.00581751377832211	0.0531741171667687
LLM.2016.09.04	0.00110954206173089	0.31783336695582	0.00030260238047206	NA	0.611862013314505	0.00363122856566472	0.0437764777082913	0.00030260238047206	0.00242081904377648	0.0187613475892677
LLM.2016.09.11	0.00152037299817555	0.322217717413339	0.0107439691871072	NA	0.588891141293331	0.00141901479829718	0.0280762213663085	0.00020271639975674	0.0105412527873505	0.0363875937563349
LLM.2016.10.08	0.00181689714343394	0.245987685474917	0.00302816190572323	NA	0.653881094175835	0.0140304834965176	0.0409811244574543	NA	0.009387301907742	0.0308872514383769
LLM.2016.10.17	0.00161095449053564	0.157068062827225	0.00110753121224325	NA	0.750604107933951	0.00412807088199758	0.0254732178815948	NA	0.00523560209424084	0.0547724526782118
LLM.2016.10.26	0.00181195892893094	0.362190457016308	0.0088584658747735	NA	0.585967384739279	NA	0.03311858264546	NA	0.00301993154821824	0.0050332192470304
LLM.2016.11.05	0.00589370998882227	0.421095417132405	0.00193069809978661	NA	0.499441113707956	0.00203231378924906	0.0228635301290519	0.000609694136774718	0.00690986688344681	0.0392236561325069
LLM.2016.11.09	0.00030229746070133	0.370213623538896	0.00151148730350665	NA	0.419286577992745	0.00392986698911729	0.0524989923417977	NA	0.00030229746070133	0.151954856912535
LLM.2016.11.10	0.000301659125188537	0.50316742081448	0.00583207642031172	NA	0.4473604826546	0.000402212166918049	0.0352941176470588	NA	0.000301659125188537	0.0073403720462544
LLM.2016.11.13	0.000604716790969563	0.34529328764362	0.00453537593227172	NA	0.581435194517234	0.00262043942753477	0.0403144527313042	NA	0.0043338036686152	0.0208627292884499
LLM.2016.11.20	0.00182075662553105	0.162451952255715	0.0022253692089824	NA	0.737608739631803	NA	0.0223548452356868	0.00101153145862836	0.00839571110661542	0.0641310944770382
LLM.2016.11.27	0.00285714285714286	0.262755102040816	0.0107142857142857	NA	0.628163265306122	0.000918367346938776	0.0290816326530612	0.000408163265306123	0.0110204081632653	0.0540816326530612
LLM.2016.12.01	0.00265224931143528	0.184331327144752	0.0113230643680506	NA	0.626134856676527	NA	0.155258594307865	0.000204019177802713	0.0146893808017954	0.00540650821177191
LLM.2016.12.03	0.000200260338439972	0.345048563132072	NA	NA	0.0423550615800541	NA	0.612195854610994	NA	NA	0.000200260338439972
LLM.2016.12.04	NA	0.108582314016443	NA	NA	0.114998997393222	0.000300782033286545	0.775416081812713	NA	0.000401042711048727	0.000300782033286545
LLM.2016.12.11	0.000202511138112596	0.419603078169299	0.000202511138112596	NA	0.56399351964358	0.000202511138112596	0.0150870797893884	0.000202511138112596	NA	0.00050627784528149
LLM.2016.12.17	NA	0.172116863147104	0.00123013839056894	NA	0.793029215786776	0.000512557662737058	0.0171194259354177	0.000512557662737058	0.0111737570476679	0.00430548436699129
LLM.2016.12.25	0.000204771168219515	0.306644824408723	0.0218081294153783	NA	0.607351284939081	NA	0.0410566192280127	0.0062455206306952	0.000204771168219515	0.0164840790416709
LLM.2017.01.01	0.00283860502838605	0.374594484995945	0.0134833738848337	NA	0.574310624493106	NA	0.0241281427412814	0.00172343876723439	0.00253446877534469	0.00638686131386861
LLM.2017.01.08	0.000510986203372509	0.242105263157895	0.00429228410832908	0.000204394481349004	0.732754215636178	NA	0.0119570771589167	NA	0.00367910066428207	0.00449667858967808
LLM.2017.01.15	0.00267627380339681	0.179619145651055	0.00349974266598044	0.000411734431291817	0.76829644879053	NA	0.0340710241893978	0.0085434894493052	0.000411734431291817	0.0024704065877509
LLM.2017.01.22	0.00244897959183674	0.271938775510204	0.00275510204081633	NA	0.677142857142857	NA	0.0371428571428572	0.00275510204081633	0.00193877551020408	0.00387755102040816
LLM.2017.01.31	0.00254841997961264	0.268705402650357	0.00224260958205912	NA	0.671865443425076	NA	0.0398572884811417	0.00234454638124363	0.00214067278287462	0.0102956167176351
LLM.2017.02.11	0.00111902339776195	0.344557477110885	0.00233977619532045	NA	0.554323499491353	NA	0.0769074262461851	0.00244150559511699	0.00325534079348932	0.0150559511698881
LLM.2017.02.26	0.000704579768495219	0.0532460996477101	0.000402617010568697	NA	0.470055359838953	NA	0.462204328132864	0.000503271263210871	0.00533467539003523	0.00754906894816306
LLM.2017.03.13	0.00162667751118341	0.133489223261488	0.00254168361122408	NA	0.739833265555104	NA	0.0926189507930053	0.000915006100040667	0.00599837332248882	0.0229768198454656
LLM.2017.04.16	0.000504948495253484	0.411129064835387	0.00212078368006463	NA	0.511714805089881	NA	0.031306806705716	NA	0.00141385578670976	0.0418097354069885
LLM.2017.04.30	0.000706785137318255	0.303715670436187	0.014640549273021	NA	0.583400646203554	NA	0.0400848142164782	0.000100969305331179	0.00393780290791599	0.0534127625201939
LLM.2017.05.14	0.00040440804772015	0.26872914771004	0.0048528965726418	NA	0.627337984025882	NA	0.0394297846527146	0.00151653017895056	0.00313416236983116	0.0545950864422202
LLM.2017.05.28	0.000403144527313042	0.304878048780488	0.00191493650473695	NA	0.604112074178593	NA	0.0213666599475912	0.000201572263656521	0.00010078613182826	0.0670227776657932
LLM.2017.06.25	0.000906344410876133	0.214702920443102	0.00392749244712991	NA	0.554179254783484	NA	0.0312185297079557	0.00171198388721047	0.00171198388721047	0.191641490433031
LLM.2017.07.17	0.000604655850045349	0.351909704726393	0.00413181497530989	NA	0.571702106217878	NA	0.0583492895293762	0.000201551950015116	0.00171319157512849	0.0113876851758541
LLM.2017.08.13	0.000402860308188136	0.296001611441233	0.00694934031624534	NA	0.638231443247054	NA	0.0379695840467318	0.000201430154094068	0.00100715077047034	0.0192365797159835
LLM.2017.09.16	0.00050332192470304	0.23183007851822	0.00684517817596134	NA	0.672538755788202	NA	0.0387557882021341	0.000704650694584256	0.00332192470304006	0.0455003019931548
LLM.2017.10.15	0.000606673407482305	0.32366026289181	0.00667340748230536	NA	0.543781597573306	NA	0.0269969666329626	0.000202224469160768	0.00222446916076845	0.0958543983822043
LLM.2017.10.25	0.000403022670025189	0.214710327455919	0.0113853904282116	NA	0.634659949622166	NA	0.0803022670025189	0.00231738035264484	0.00181360201511335	0.0544080604534005
LLM.2017.11.09	0.00101327388793191	0.532070118553045	0.00496504205086635	NA	0.392440976796028	NA	0.019657513425879	0.00131725605431148	0.00141858344310467	0.0471172357888337
LLM.2017.12.03	0.00030260238047206	0.26982045592092	0.0092798063344765	NA	0.608634254589469	NA	0.0597135364131531	0.000100867460157353	0.000605204760944119	0.0515432721404075
LLM.2017.12.10	0.000201633229156165	0.202338945458212	0.00594818026010687	NA	0.603488254864401	NA	0.121181570722855	0.00131061598951507	0.00191551567698357	0.06361528379877
LLM.2017.12.31	0.000604838709677419	0.15383064516129	0.000806451612903226	NA	0.782157258064516	NA	0.038508064516129	NA	0.00191532258064516	0.0221774193548387
LLM.2018.01.14	0.00020224491859642	0.242491657397108	0.0079886742845586	NA	0.60734149054505	NA	0.11639195065224	0.00192132672666599	0.00455051066841946	0.0191121448073617
LLM.2018.01.24	0.00020185708518369	0.273819136051675	0.00141299959628583	NA	0.638978603148971	NA	0.0473354864755753	0.00040371417036738	0.00282599919257166	0.0350222042793702
LLM.2018.02.12	NA	0.223700120918984	0.00141072148327287	NA	0.507557436517533	NA	0.217754937525191	0.000201531640467553	0.00201531640467553	0.0473599355098751
LLM.2018.02.25	0.00131752305665349	0.182730313165096	0.00263504611330698	NA	0.574744096483227	NA	0.119590554373163	0.00141887098408838	0.00415526502483024	0.113408330799635
LLM.2018.03.10	0.000505050505050505	0.108686868686869	0.00131313131313131	NA	0.602828282828283	NA	0.249393939393939	0.000303030303030303	0.000404040404040404	0.0365656565656566
LLM.2018.03.26	0.00121703853955375	0.227991886409736	0.00121703853955375	NA	0.724847870182556	0.000202839756592292	0.0193711967545639	0.00182555780933063	0.00152129817444219	0.0218052738336714
LLM.2018.04.08	0.00101112234580384	0.103437815975733	0.00111223458038423	NA	0.611729019211324	NA	0.245904954499494	NA	0.00556117290192113	0.0312436804853387
LLM.2018.04.20	0.000604229607250755	0.380060422960725	0.00443101711983887	NA	0.576636455186304	NA	0.0202416918429003	0.000201409869083585	0.00120845921450151	0.0166163141993958
LLM.2018.05.13	0.000503676840938854	0.333534804069709	0.0017125012591921	NA	0.595849702830664	NA	0.0239750176286894	0.000201470736375541	0.00130955978644102	0.0429132668479903
LLM.2018.05.27	0.000806451612903226	0.292741935483871	0.00856854838709678	NA	0.507661290322581	0.00030241935483871	0.155342741935484	0.00110887096774194	0.00030241935483871	0.0331653225806452
LLM.2018.06.10	0.000503524672708963	0.282678751258812	0.00151057401812689	NA	0.554884189325277	0.000201409869083585	0.135146022155086	0.000201409869083585	0.00171198388721047	0.0231621349446123
LLM.2018.06.24	0.000301477238468496	0.382775600442167	0.0025123103205708	NA	0.496131042106321	NA	0.0828057481660135	NA	0.000502462064114159	0.0349713596623455
LLM.2018.07.01	0.00277349768875193	0.176579352850539	0.000308166409861325	0.000205444273240883	0.636466358500257	NA	0.0628659476117104	0.00061633281972265	0.00513610683102209	0.115048793014895
LLM.2018.07.17	0.00182444759781066	0.143725927427529	0.0010135819987837	NA	0.675045611189945	NA	0.140279748631664	NA	0.00162173119805392	0.0364889519562133
LLM.2018.07.18	0.00030132583366814	0.175974286862194	0.00100441944556047	NA	0.440437926878264	NA	0.361189232623544	0.000401767778224186	0.000200883889112093	0.0204901566894335
LLM.2018.07.29	0.000201409869083585	0.267069486404834	0.00926485397784491	NA	0.571299093655589	NA	0.138670694864048	0.000201409869083585	0.00100704934541793	0.0122860020140987
LLM.2018.08.11	0.000201592581393005	0.188287471021066	0.00292309243019857	NA	0.591976615260558	NA	0.186271545207136	0.00120955548835803	0.00131035177905453	0.0278197762322347
LLM.2018.08.25	0.00101030511214387	0.170337441907456	0.00181854920185896	NA	0.502929884825217	NA	0.251667003435037	0.0068700747625783	0.00171751869064457	0.0636492220650636
LLM.2018.08.31	0.000603561009958757	0.238205411930389	0.00673976461120612	NA	0.419676088924656	NA	0.272206015491399	0.000804748013278342	0.000804748013278342	0.0609596620058344
LLM.2018.09.01	0.000806451612903226	0.205241935483871	0.003125	NA	0.538911290322581	NA	0.203729838709677	0.00241935483870968	0.000907258064516129	0.0448588709677419
LLM.2018.09.18	0.000905432595573441	0.224144869215292	0.00331991951710262	NA	0.544969818913481	0.000301810865191147	0.212173038229376	0.000402414486921529	0.000100603621730382	0.013682092555332
LLM.2018.09.19	NA	0.364997989545637	0.00713711298753518	NA	0.480096501809409	NA	0.138319260152795	NA	0.000301568154402895	0.00914756735022115
LLM.2018.09.24	0.000100573267625465	0.342351402997083	0.000603439605752791	NA	0.332394649502162	NA	0.320325857387107	NA	0.000502866338127326	0.00372121090214221
LLM.2018.09.29	0.000906801007556675	0.161511335012594	0.00110831234256927	0.000302267002518892	0.484937027707809	0.000201511335012594	0.34095717884131	NA	0.00231738035264484	0.00775818639798489
LLM.2018.10.03	0.000807672892478546	0.286925795053004	0.00504795557799091	0.000302877334679455	0.48339222614841	0.000201918223119637	0.2113074204947	0.000807672892478546	0.001110550227158	0.0100959111559818
LLM.2018.10.07	0.000914820085383208	0.480890424883106	0.00711526733075828	0.000711526733075829	0.390119943077861	0.000406586704614759	0.101240089449075	0.000406586704614759	0.000711526733075829	0.0174832282984346
LLM.2018.10.17	0.000708072021039854	0.195023265223548	0.00394497268865062	0.000404612583451345	0.515172971879425	0.000101153145862836	0.251163261177423	0.00121383775035404	0.000809225166902691	0.0314586283633421
LLM.2018.11.04	0.00152253349573691	0.327547706049533	0.000507511165245635	0.00121802679658952	0.467316280958181	0.000101502233049127	0.0529841656516443	0.000406008932196508	0.000406008932196508	0.147990255785627
LLM.2018.11.14	0.000403918004645057	0.300817933959406	0.0130263556498031	0.000504897505806321	0.477330101989296	0.000100979501161264	0.198929617287691	0.000403918004645057	0.0028274260325154	0.0056548520650308
LLM.2018.11.24	0.0013070581138146	0.194651116026543	0.00160868690931028	NA	0.585360949125276	NA	0.196661974663181	0.000301628795495677	0.00351900261411623	0.0165895837522622
LLM.2018.12.01	0.000703800522823246	0.205911924391715	0.0038206314096119	NA	0.618439573697969	NA	0.123064548562236	0.000201085863663784	0.00412226020510758	0.0437361753468731
LLM.2018.12.12	0.000504846526655897	0.330876413570275	0.0108037156704362	NA	0.579765751211632	NA	0.0502827140549273	NA	0.00302907915993538	0.0247374798061389
LLM.2018.12.25	0.00241278777520861	0.217351965416709	0.0225193525686137	NA	0.679501357193124	0.0016085251834724	0.0520760028149191	0.000100532823967025	0.00532823967025234	0.0191012365537348
LLM.2019.01.13	0.00251509054325956	0.229979879275654	0.00251509054325956	NA	0.582796780684105	NA	0.128169014084507	0.000905432595573441	0.00231388329979879	0.0508048289738431
LLM.2019.01.27	0.00252016129032258	0.283165322580645	0.00715725806451613	NA	0.543346774193548	NA	0.143548387096774	0.000504032258064516	0.00342741935483871	0.0163306451612903
LLM.2019.02.10	0.00221930797942096	0.27004943004136	0.00675880157369111	NA	0.597296479370524	NA	0.0941188338545345	0.000706143447997579	0.0039342277817008	0.0249167759507717
LLM.2019.02.24	0.00578562728380024	0.183617539585871	0.00284206252537556	NA	0.648599269183922	NA	0.0937880633373934	0.00142103126268778	0.00304506699147381	0.0609013398294763
LLM.2019.03.18	0.0102237068529203	0.233120761210649	0.00141714748456322	NA	0.568377366130175	NA	0.179572831258225	0.000303674460977832	0.00151837230488916	0.00546614029760097
LLM.2019.03.31	0.00283028403921965	0.329424845850601	0.0030324471848782	NA	0.501364601233195	NA	0.146669362175275	NA	0.0106135651470737	0.00606489436975639
LLM.2019.04.14	0.00873096446700508	0.308020304568528	0.00446700507614213	NA	0.54010152284264	NA	0.102233502538071	0.000710659898477157	0.00649746192893401	0.029238578680203
LLM.2019.04.28	0.00811853054597118	0.221838847168663	0.00182666937284352	NA	0.539070428252486	NA	0.178810635275015	0.000304444895473919	0.00507408159123199	0.0449563628983154
LLM.2019.05.12	0.00576281468001213	0.149226569608735	0.000707714083510262	NA	0.572843999595592	NA	0.255585886159135	0.000606612071580224	0.00222424426246082	0.0130421595389748
LLM.2019.05.19	0.00455281262646702	0.19566976932416	0.0109267503035208	NA	0.561412383650344	0.000202347227842979	0.186058276001619	0.000101173613921489	0.00333872925940915	0.0377377579927155
LLM.2019.06.02	0.00619100781487872	0.192124226124023	0.0046686288440069	NA	0.647924490003045	NA	0.104942657058764	NA	0.00395818532426672	0.0401908048310159
LLM.2019.06.16	0.00423985463355542	0.216737330910559	0.00514839491217444	NA	0.588532202705431	NA	0.169392287502524	NA	0.00393700787401575	0.0120129214617404
LLM.2019.06.23	0.00716375744122692	0.18605589748764	0.000504489960649783	NA	0.504086368681263	NA	0.288063767531026	0.00030269397638987	0.00403591968519827	0.00978710523660579
LLM.2019.07.14	0.00161599838400162	0.142813857186143	0.00141399858600141	NA	0.56974043025957	NA	0.274517725482275	0.000504999495000505	0.00272699727300273	0.00666599333400667
LLM.2019.07.28	0.00345142625114202	0.142016038980814	0.000406050147193178	NA	0.581869860927825	0.000101512536798295	0.213582377423612	0.00111663790478124	0.00162420058877271	0.055831895239062
LLM.2019.08.11	0.00463056170726797	0.191161667002215	0.00322126031809946	NA	0.557177370646265	NA	0.221562311254278	0.000301993154821824	0.00583853432655527	0.0161063015904973
