2025-12-06 14:43:21.364321 INFO::Writing function arguments to log file
2025-12-06 14:43:21.36978 DEBUG::Function arguments
2025-12-06 14:43:21.372893 DEBUG::Output folder: maaslin3/Total.SCFA_mg.mL.out
2025-12-06 14:43:21.37628 DEBUG::Formula: ~Year + Weight_lbs + Total.SCFA_mg.mL
2025-12-06 14:43:21.38039 DEBUG::Fixed effects:
2025-12-06 14:43:21.384105 DEBUG::Reference: Year,2019
2025-12-06 14:43:21.388575 DEBUG::Random effects:
2025-12-06 14:43:21.392371 DEBUG::Group effects:
2025-12-06 14:43:21.397271 DEBUG::Ordered effects:
2025-12-06 14:43:21.399843 DEBUG::Strata effects:
2025-12-06 14:43:21.40237 DEBUG::Min Abundance: 0.000000
2025-12-06 14:43:21.404851 DEBUG::Min Prevalence: 0.000000
2025-12-06 14:43:21.413621 DEBUG::Zero Threshold: 0.000000
2025-12-06 14:43:21.416334 DEBUG::Min variance: 0.000000
2025-12-06 14:43:21.418553 DEBUG::Max significance: 0.100000
2025-12-06 14:43:21.420683 DEBUG::Normalization: TSS
2025-12-06 14:43:21.422429 DEBUG::Transform: LOG
2025-12-06 14:43:21.424187 DEBUG::Correction method: BH
2025-12-06 14:43:21.426428 DEBUG::Standardize: TRUE
2025-12-06 14:43:21.428408 DEBUG::Abundance median comparison: TRUE
2025-12-06 14:43:21.430295 DEBUG::Prevalence median comparison: FALSE
2025-12-06 14:43:21.432215 DEBUG::Abundance median comparison threshold: 0
2025-12-06 14:43:21.434545 DEBUG::Prevalence median comparison threshold: 0
2025-12-06 14:43:21.436313 DEBUG::Subtract median: FALSE
2025-12-06 14:43:21.437489 DEBUG::Warn prevalence: TRUE
2025-12-06 14:43:21.438742 DEBUG::Small random effects: FALSE
2025-12-06 14:43:21.439891 DEBUG::Augment: TRUE
2025-12-06 14:43:21.441059 DEBUG::Evaluate only:
2025-12-06 14:43:21.442285 DEBUG::Cores: 1
2025-12-06 14:43:21.443654 DEBUG::Balanced Summary plot: FALSE
2025-12-06 14:43:21.444868 INFO::Verifying options selected are valid
2025-12-06 14:43:21.446644 WARNING::Input is a matrix,
                        passing through as.data.frame() .
2025-12-06 14:43:21.449698 INFO::Determining format of input files
2025-12-06 14:43:21.452414 INFO::Input format is data samples as columns and metadata samples as rows
2025-12-06 14:43:21.459473 DEBUG::Transformed data so samples are rows
2025-12-06 14:43:21.47082 DEBUG::A total of 156 samples were found in both the data and metadata
2025-12-06 14:43:21.472534 DEBUG::Reordering data/metadata to use same sample ordering
2025-12-06 14:43:21.476055 INFO::Running selected normalization method: TSS
2025-12-06 14:43:21.480403 INFO::Writing normalized data to file maaslin3/Total.SCFA_mg.mL.out/features/data_norm.tsv
2025-12-06 14:43:21.509552 INFO::Filter data based on min abundance and min prevalence
2025-12-06 14:43:21.511835 INFO::Total samples in data: 156
2025-12-06 14:43:21.513807 INFO::Min samples required with min abundance for a feature not to be filtered: 0.000000
2025-12-06 14:43:21.52271 INFO::Total filtered features: 0
2025-12-06 14:43:21.525079 INFO::Filtered feature names from abundance and prevalence filtering:
2025-12-06 14:43:21.528375 INFO::Total features filtered by non-zero variance filtering: 0
2025-12-06 14:43:21.530332 INFO::Filtered feature names from variance filtering:
2025-12-06 14:43:21.532294 INFO::Writing filtered data to file maaslin3/Total.SCFA_mg.mL.out/features/filtered_data.tsv
2025-12-06 14:43:21.563021 INFO::Running selected transform method: LOG
2025-12-06 14:43:21.566741 INFO::Writing normalized, filtered, transformed data to file maaslin3/Total.SCFA_mg.mL.out/features/data_transformed.tsv
2025-12-06 14:43:21.600117 INFO::Applying z-score to standardize continuous metadata
2025-12-06 14:43:21.686672 INFO::Running the linear model component
2025-12-06 14:43:21.695238 DEBUG::Object: augment, Size: 56
2025-12-06 14:43:21.696456 DEBUG::Object: cluster, Size: 0
2025-12-06 14:43:21.697622 DEBUG::Object: cores, Size: 56
2025-12-06 14:43:21.698728 DEBUG::Object: correction, Size: 112
2025-12-06 14:43:21.699833 DEBUG::Object: extract_out, Size: 1696
2025-12-06 14:43:21.700972 DEBUG::Object: feature_specific_covariate, Size: 0
2025-12-06 14:43:21.702231 DEBUG::Object: feature_specific_covariate_name, Size: 0
2025-12-06 14:43:21.703497 DEBUG::Object: feature_specific_covariate_record, Size: 0
2025-12-06 14:43:21.70471 DEBUG::Object: features, Size: 84072
2025-12-06 14:43:21.705896 DEBUG::Object: formula, Size: 1288
2025-12-06 14:43:21.707066 DEBUG::Object: fun_list, Size: 58768
2025-12-06 14:43:21.708534 DEBUG::Object: func_to_run, Size: 435336
2025-12-06 14:43:21.710994 DEBUG::Object: groups, Size: 48
2025-12-06 14:43:21.712174 DEBUG::Object: median_comparison, Size: 56
2025-12-06 14:43:21.713223 DEBUG::Object: median_comparison_threshold, Size: 56
2025-12-06 14:43:21.714504 DEBUG::Object: metadata, Size: 354576
2025-12-06 14:43:21.715628 DEBUG::Object: model, Size: 112
2025-12-06 14:43:21.716706 DEBUG::Object: model_function, Size: 8864
2025-12-06 14:43:21.717926 DEBUG::Object: ordereds, Size: 48
2025-12-06 14:43:21.719082 DEBUG::Object: random_effects_formula, Size: 0
2025-12-06 14:43:21.720262 DEBUG::Object: ranef_function, Size: 0
2025-12-06 14:43:21.721343 DEBUG::Object: save_models, Size: 56
2025-12-06 14:43:21.722785 DEBUG::Object: small_random_effects, Size: 56
2025-12-06 14:43:21.723986 DEBUG::Object: strata, Size: 48
2025-12-06 14:43:21.725604 DEBUG::Object: subtract_median, Size: 56
2025-12-06 14:43:21.727599 DEBUG::Object: summary_function, Size: 49424
2025-12-06 14:43:21.728861 DEBUG::Object: func_to_run, Size: 435336
2025-12-06 14:43:21.730119 INFO::Fitting model to feature number 1, Unclassified Proteobacteria;T01
2025-12-06 14:43:21.741855 INFO::Fitting model to feature number 2, Unclassified Enterobacteriaceae;T02
2025-12-06 14:43:21.752909 INFO::Fitting model to feature number 3, Unclassified Enterobacteriaceae;T03
2025-12-06 14:43:21.769279 INFO::Fitting model to feature number 4, Bacteroides;T04
2025-12-06 14:43:21.779115 INFO::Fitting model to feature number 5, Unclassified Ruminococcaceae;T05
2025-12-06 14:43:21.788542 INFO::Fitting model to feature number 6, Akkermansia;T06
2025-12-06 14:43:21.799067 INFO::Fitting model to feature number 7, Unclassified Firmicutes;T07
2025-12-06 14:43:21.807503 INFO::Fitting model to feature number 8, Coprococcus;T08
2025-12-06 14:43:21.816289 INFO::Fitting model to feature number 9, Prevotella;T09
2025-12-06 14:43:21.825791 INFO::Fitting model to feature number 10, Unclassified Rikenellaceae;T10
2025-12-06 14:43:21.837616 INFO::Fitting model to feature number 11, Faecalibacterium;T11
2025-12-06 14:43:21.84886 INFO::Fitting model to feature number 12, Unclassified Lachnospiraceae;T12
2025-12-06 14:43:21.859464 INFO::Fitting model to feature number 13, Lachnospira;T13
2025-12-06 14:43:21.867976 INFO::Fitting model to feature number 14, Blautia;T14
2025-12-06 14:43:21.876743 INFO::Fitting model to feature number 15, Unclassified Christensenellaceae;T15
2025-12-06 14:43:21.887337 INFO::Fitting model to feature number 16, Methanobrevibacter;T16
2025-12-06 14:43:21.896016 INFO::Fitting model to feature number 17, Parabacteroides;T17
2025-12-06 14:43:21.906865 INFO::Fitting model to feature number 18, Providencia;T18
2025-12-06 14:43:21.916182 INFO::Fitting model to feature number 19, Ruminococcus;T19
2025-12-06 14:43:21.924762 INFO::Fitting model to feature number 20, [Prevotella];T20
2025-12-06 14:43:21.935494 INFO::Fitting model to feature number 21, [Ruminococcus];T21
2025-12-06 14:43:21.944324 INFO::Fitting model to feature number 22, Serratia;T22
2025-12-06 14:43:21.95274 INFO::Fitting model to feature number 23, Dialister;T23
2025-12-06 14:43:21.961343 INFO::Fitting model to feature number 24, Dorea;T24
2025-12-06 14:43:21.970003 INFO::Fitting model to feature number 25, Roseburia;T25
2025-12-06 14:43:21.979014 INFO::Fitting model to feature number 26, Unclassified Erysipelotrichaceae;T26
2025-12-06 14:43:21.987318 INFO::Fitting model to feature number 27, Unclassified S24-7;T27
2025-12-06 14:43:21.997737 INFO::Fitting model to feature number 28, Pseudomonas;T28
2025-12-06 14:43:22.009593 INFO::Fitting model to feature number 29, Unclassified Proteobacteria;T29
2025-12-06 14:43:22.02096 INFO::Fitting model to feature number 30, Fusobacterium;T30
2025-12-06 14:43:22.029911 INFO::Fitting model to feature number 31, Unclassified [Barnesiellaceae];T31
2025-12-06 14:43:22.039402 INFO::Fitting model to feature number 32, Phascolarctobacterium;T32
2025-12-06 14:43:22.050217 INFO::Fitting model to feature number 33, Erwinia;T33
2025-12-06 14:43:22.059869 INFO::Fitting model to feature number 34, Sutterella;T34
2025-12-06 14:43:22.06863 INFO::Fitting model to feature number 35, Bilophila;T35
2025-12-06 14:43:22.079254 INFO::Fitting model to feature number 36, Unclassified Cyanobacteria;T36
2025-12-06 14:43:22.089719 INFO::Fitting model to feature number 37, Unclassified Firmicutes;T37
2025-12-06 14:43:22.09912 INFO::Fitting model to feature number 38, Oscillospira;T38
2025-12-06 14:43:22.111004 INFO::Fitting model to feature number 39, [Eubacterium];T39
2025-12-06 14:43:22.120392 INFO::Fitting model to feature number 40, Desulfovibrio;T40
2025-12-06 14:43:22.132587 INFO::Fitting model to feature number 41, Unclassified Lachnospiraceae;T41
2025-12-06 14:43:22.144594 INFO::Fitting model to feature number 42, Unclassified Tenericutes;T42
2025-12-06 14:43:22.153944 INFO::Fitting model to feature number 43, Unclassified Burkholderiaceae;T43
2025-12-06 14:43:22.165695 INFO::Fitting model to feature number 44, Synergistes;T44
2025-12-06 14:43:22.174591 INFO::Fitting model to feature number 45, Parvimonas;T45
2025-12-06 14:43:22.184572 INFO::Fitting model to feature number 46, Unclassified Clostridiaceae;T46
2025-12-06 14:43:22.194939 INFO::Fitting model to feature number 47, Unclassified Coriobacteriaceae;T47
2025-12-06 14:43:22.299326 INFO::Fitting model to feature number 48, Clostridium;T48
2025-12-06 14:43:22.307673 INFO::Fitting model to feature number 49, Veillonella;T49
2025-12-06 14:43:22.316563 INFO::Fitting model to feature number 50, Aggregatibacter;T50
2025-12-06 14:43:22.325059 INFO::Fitting model to feature number 51, Bifidobacterium;T51
2025-12-06 14:43:22.334605 INFO::Fitting model to feature number 52, Lachnobacterium;T52
2025-12-06 14:43:22.351837 INFO::Performing tests against medians
2025-12-06 14:43:23.939192 INFO::Counting total values for each feature
2025-12-06 14:43:23.951148 INFO::Running the logistic model component
2025-12-06 14:43:23.968224 DEBUG::Object: augment, Size: 56
2025-12-06 14:43:23.970542 DEBUG::Object: cluster, Size: 0
2025-12-06 14:43:23.972548 DEBUG::Object: cores, Size: 56
2025-12-06 14:43:23.974856 DEBUG::Object: correction, Size: 112
2025-12-06 14:43:23.976363 DEBUG::Object: extract_out, Size: 1696
2025-12-06 14:43:23.9776 DEBUG::Object: feature_specific_covariate, Size: 0
2025-12-06 14:43:23.978746 DEBUG::Object: feature_specific_covariate_name, Size: 0
2025-12-06 14:43:23.980528 DEBUG::Object: feature_specific_covariate_record, Size: 0
2025-12-06 14:43:23.982229 DEBUG::Object: features, Size: 81048
2025-12-06 14:43:23.983811 DEBUG::Object: formula, Size: 1288
2025-12-06 14:43:23.985113 DEBUG::Object: fun_list, Size: 70920
2025-12-06 14:43:23.986461 DEBUG::Object: func_to_run, Size: 435336
2025-12-06 14:43:23.988059 DEBUG::Object: groups, Size: 48
2025-12-06 14:43:23.989915 DEBUG::Object: median_comparison, Size: 56
2025-12-06 14:43:23.991793 DEBUG::Object: median_comparison_threshold, Size: 56
2025-12-06 14:43:23.993816 DEBUG::Object: metadata, Size: 354576
2025-12-06 14:43:23.995506 DEBUG::Object: model, Size: 120
2025-12-06 14:43:23.997335 DEBUG::Object: model_function, Size: 21016
2025-12-06 14:43:23.998536 DEBUG::Object: ordereds, Size: 48
2025-12-06 14:43:23.999806 DEBUG::Object: random_effects_formula, Size: 0
2025-12-06 14:43:24.001428 DEBUG::Object: ranef_function, Size: 0
2025-12-06 14:43:24.003175 DEBUG::Object: save_models, Size: 56
2025-12-06 14:43:24.004894 DEBUG::Object: small_random_effects, Size: 56
2025-12-06 14:43:24.006354 DEBUG::Object: strata, Size: 48
2025-12-06 14:43:24.008092 DEBUG::Object: subtract_median, Size: 56
2025-12-06 14:43:24.009647 DEBUG::Object: summary_function, Size: 49424
2025-12-06 14:43:24.011194 DEBUG::Object: func_to_run, Size: 435336
2025-12-06 14:43:24.012887 INFO::Fitting model to feature number 1, Unclassified Proteobacteria;T01
2025-12-06 14:43:24.032667 INFO::Fitting model to feature number 2, Unclassified Enterobacteriaceae;T02
2025-12-06 14:43:24.061433 INFO::Fitting model to feature number 3, Unclassified Enterobacteriaceae;T03
2025-12-06 14:43:24.064856 INFO::Fitting model to feature number 4, Bacteroides;T04
2025-12-06 14:43:24.068452 INFO::Fitting model to feature number 5, Unclassified Ruminococcaceae;T05
2025-12-06 14:43:24.071898 INFO::Fitting model to feature number 6, Akkermansia;T06
2025-12-06 14:43:24.075705 INFO::Fitting model to feature number 7, Unclassified Firmicutes;T07
2025-12-06 14:43:24.079619 INFO::Fitting model to feature number 8, Coprococcus;T08
2025-12-06 14:43:24.100596 INFO::Fitting model to feature number 9, Prevotella;T09
2025-12-06 14:43:24.11964 INFO::Fitting model to feature number 10, Unclassified Rikenellaceae;T10
2025-12-06 14:43:24.13647 INFO::Fitting model to feature number 11, Faecalibacterium;T11
2025-12-06 14:43:24.153388 INFO::Fitting model to feature number 12, Unclassified Lachnospiraceae;T12
2025-12-06 14:43:24.156847 INFO::Fitting model to feature number 13, Lachnospira;T13
2025-12-06 14:43:24.176721 INFO::Fitting model to feature number 14, Blautia;T14
2025-12-06 14:43:24.345619 INFO::Fitting model to feature number 15, Unclassified Christensenellaceae;T15
2025-12-06 14:43:24.399649 INFO::Fitting model to feature number 16, Methanobrevibacter;T16
2025-12-06 14:43:24.442114 INFO::Fitting model to feature number 17, Parabacteroides;T17
2025-12-06 14:43:24.465607 INFO::Fitting model to feature number 18, Providencia;T18
2025-12-06 14:43:24.482362 INFO::Fitting model to feature number 19, Ruminococcus;T19
2025-12-06 14:43:24.499358 INFO::Fitting model to feature number 20, [Prevotella];T20
2025-12-06 14:43:24.516977 INFO::Fitting model to feature number 21, [Ruminococcus];T21
2025-12-06 14:43:24.533544 INFO::Fitting model to feature number 22, Serratia;T22
2025-12-06 14:43:24.550162 INFO::Fitting model to feature number 23, Dialister;T23
2025-12-06 14:43:24.57015 INFO::Fitting model to feature number 24, Dorea;T24
2025-12-06 14:43:24.591056 INFO::Fitting model to feature number 25, Roseburia;T25
2025-12-06 14:43:24.608745 INFO::Fitting model to feature number 26, Unclassified Erysipelotrichaceae;T26
2025-12-06 14:43:24.626373 INFO::Fitting model to feature number 27, Unclassified S24-7;T27
2025-12-06 14:43:24.643469 INFO::Fitting model to feature number 28, Pseudomonas;T28
2025-12-06 14:43:24.663505 INFO::Fitting model to feature number 29, Unclassified Proteobacteria;T29
2025-12-06 14:43:24.681386 INFO::Fitting model to feature number 30, Fusobacterium;T30
2025-12-06 14:43:24.698263 INFO::Fitting model to feature number 31, Unclassified [Barnesiellaceae];T31
2025-12-06 14:43:24.715928 INFO::Fitting model to feature number 32, Phascolarctobacterium;T32
2025-12-06 14:43:24.733113 INFO::Fitting model to feature number 33, Erwinia;T33
2025-12-06 14:43:24.753158 INFO::Fitting model to feature number 34, Sutterella;T34
2025-12-06 14:43:24.770025 INFO::Fitting model to feature number 35, Bilophila;T35
2025-12-06 14:43:24.791976 INFO::Fitting model to feature number 36, Unclassified Cyanobacteria;T36
2025-12-06 14:43:24.814824 INFO::Fitting model to feature number 37, Unclassified Firmicutes;T37
2025-12-06 14:43:24.8386 INFO::Fitting model to feature number 38, Oscillospira;T38
2025-12-06 14:43:24.843896 INFO::Fitting model to feature number 39, [Eubacterium];T39
2025-12-06 14:43:24.867284 INFO::Fitting model to feature number 40, Desulfovibrio;T40
2025-12-06 14:43:24.886125 INFO::Fitting model to feature number 41, Unclassified Lachnospiraceae;T41
2025-12-06 14:43:24.908957 INFO::Fitting model to feature number 42, Unclassified Tenericutes;T42
2025-12-06 14:43:24.927315 INFO::Fitting model to feature number 43, Unclassified Burkholderiaceae;T43
2025-12-06 14:43:24.944476 INFO::Fitting model to feature number 44, Synergistes;T44
2025-12-06 14:43:24.962811 INFO::Fitting model to feature number 45, Parvimonas;T45
2025-12-06 14:43:24.98248 INFO::Fitting model to feature number 46, Unclassified Clostridiaceae;T46
2025-12-06 14:43:25.002519 INFO::Fitting model to feature number 47, Unclassified Coriobacteriaceae;T47
2025-12-06 14:43:25.021532 INFO::Fitting model to feature number 48, Clostridium;T48
2025-12-06 14:43:25.044545 INFO::Fitting model to feature number 49, Veillonella;T49
2025-12-06 14:43:25.062488 INFO::Fitting model to feature number 50, Aggregatibacter;T50
2025-12-06 14:43:25.079234 INFO::Fitting model to feature number 51, Bifidobacterium;T51
2025-12-06 14:43:25.099559 INFO::Fitting model to feature number 52, Lachnobacterium;T52
2025-12-06 14:43:25.176245 INFO::Counting total values for each feature
2025-12-06 14:43:25.183571 INFO::Re-running abundances for warn_prevalence
2025-12-06 14:43:25.185426 INFO::Running selected normalization method: TSS
2025-12-06 14:43:25.189742 INFO::Running selected transform method: LOG
2025-12-06 14:43:25.199406 DEBUG::Object: augment, Size: 56
2025-12-06 14:43:25.200636 DEBUG::Object: cluster, Size: 0
2025-12-06 14:43:25.201735 DEBUG::Object: cores, Size: 56
2025-12-06 14:43:25.202856 DEBUG::Object: correction, Size: 112
2025-12-06 14:43:25.203986 DEBUG::Object: extract_out, Size: 1696
2025-12-06 14:43:25.205265 DEBUG::Object: feature_specific_covariate, Size: 0
2025-12-06 14:43:25.206711 DEBUG::Object: feature_specific_covariate_name, Size: 0
2025-12-06 14:43:25.208018 DEBUG::Object: feature_specific_covariate_record, Size: 0
2025-12-06 14:43:25.209423 DEBUG::Object: features, Size: 84072
2025-12-06 14:43:25.210633 DEBUG::Object: formula, Size: 1288
2025-12-06 14:43:25.211848 DEBUG::Object: fun_list, Size: 58768
2025-12-06 14:43:25.213209 DEBUG::Object: func_to_run, Size: 435336
2025-12-06 14:43:25.214333 DEBUG::Object: groups, Size: 48
2025-12-06 14:43:25.215409 DEBUG::Object: median_comparison, Size: 56
2025-12-06 14:43:25.21651 DEBUG::Object: median_comparison_threshold, Size: 56
2025-12-06 14:43:25.217884 DEBUG::Object: metadata, Size: 354576
2025-12-06 14:43:25.219243 DEBUG::Object: model, Size: 112
2025-12-06 14:43:25.220476 DEBUG::Object: model_function, Size: 8864
2025-12-06 14:43:25.221606 DEBUG::Object: ordereds, Size: 48
2025-12-06 14:43:25.223302 DEBUG::Object: random_effects_formula, Size: 0
2025-12-06 14:43:25.224538 DEBUG::Object: ranef_function, Size: 0
2025-12-06 14:43:25.225656 DEBUG::Object: save_models, Size: 56
2025-12-06 14:43:25.226742 DEBUG::Object: small_random_effects, Size: 56
2025-12-06 14:43:25.228071 DEBUG::Object: strata, Size: 48
2025-12-06 14:43:25.229242 DEBUG::Object: subtract_median, Size: 56
2025-12-06 14:43:25.230412 DEBUG::Object: summary_function, Size: 49424
2025-12-06 14:43:25.231681 DEBUG::Object: func_to_run, Size: 435336
2025-12-06 14:43:25.233056 INFO::Fitting model to feature number 1, Unclassified Proteobacteria;T01
2025-12-06 14:43:25.242479 INFO::Fitting model to feature number 2, Unclassified Enterobacteriaceae;T02
2025-12-06 14:43:25.253293 INFO::Fitting model to feature number 3, Unclassified Enterobacteriaceae;T03
2025-12-06 14:43:25.264329 INFO::Fitting model to feature number 4, Bacteroides;T04
2025-12-06 14:43:25.273501 INFO::Fitting model to feature number 5, Unclassified Ruminococcaceae;T05
2025-12-06 14:43:25.283369 INFO::Fitting model to feature number 6, Akkermansia;T06
2025-12-06 14:43:25.292405 INFO::Fitting model to feature number 7, Unclassified Firmicutes;T07
2025-12-06 14:43:25.301098 INFO::Fitting model to feature number 8, Coprococcus;T08
2025-12-06 14:43:25.311022 INFO::Fitting model to feature number 9, Prevotella;T09
2025-12-06 14:43:25.319658 INFO::Fitting model to feature number 10, Unclassified Rikenellaceae;T10
2025-12-06 14:43:25.33061 INFO::Fitting model to feature number 11, Faecalibacterium;T11
2025-12-06 14:43:25.341581 INFO::Fitting model to feature number 12, Unclassified Lachnospiraceae;T12
2025-12-06 14:43:25.350486 INFO::Fitting model to feature number 13, Lachnospira;T13
2025-12-06 14:43:25.362157 INFO::Fitting model to feature number 14, Blautia;T14
2025-12-06 14:43:25.371848 INFO::Fitting model to feature number 15, Unclassified Christensenellaceae;T15
2025-12-06 14:43:25.381221 INFO::Fitting model to feature number 16, Methanobrevibacter;T16
2025-12-06 14:43:25.392075 INFO::Fitting model to feature number 17, Parabacteroides;T17
2025-12-06 14:43:25.401359 INFO::Fitting model to feature number 18, Providencia;T18
2025-12-06 14:43:25.412249 INFO::Fitting model to feature number 19, Ruminococcus;T19
2025-12-06 14:43:25.426717 INFO::Fitting model to feature number 20, [Prevotella];T20
2025-12-06 14:43:25.435606 INFO::Fitting model to feature number 21, [Ruminococcus];T21
2025-12-06 14:43:25.444928 INFO::Fitting model to feature number 22, Serratia;T22
2025-12-06 14:43:25.45343 INFO::Fitting model to feature number 23, Dialister;T23
2025-12-06 14:43:25.462861 INFO::Fitting model to feature number 24, Dorea;T24
2025-12-06 14:43:25.471562 INFO::Fitting model to feature number 25, Roseburia;T25
2025-12-06 14:43:25.480509 INFO::Fitting model to feature number 26, Unclassified Erysipelotrichaceae;T26
2025-12-06 14:43:25.489289 INFO::Fitting model to feature number 27, Unclassified S24-7;T27
2025-12-06 14:43:25.498236 INFO::Fitting model to feature number 28, Pseudomonas;T28
2025-12-06 14:43:25.506511 INFO::Fitting model to feature number 29, Unclassified Proteobacteria;T29
2025-12-06 14:43:25.517343 INFO::Fitting model to feature number 30, Fusobacterium;T30
2025-12-06 14:43:25.526463 INFO::Fitting model to feature number 31, Unclassified [Barnesiellaceae];T31
2025-12-06 14:43:25.534833 INFO::Fitting model to feature number 32, Phascolarctobacterium;T32
2025-12-06 14:43:25.544788 INFO::Fitting model to feature number 33, Erwinia;T33
2025-12-06 14:43:25.553224 INFO::Fitting model to feature number 34, Sutterella;T34
2025-12-06 14:43:25.561862 INFO::Fitting model to feature number 35, Bilophila;T35
2025-12-06 14:43:25.570646 INFO::Fitting model to feature number 36, Unclassified Cyanobacteria;T36
2025-12-06 14:43:25.580136 INFO::Fitting model to feature number 37, Unclassified Firmicutes;T37
2025-12-06 14:43:25.588631 INFO::Fitting model to feature number 38, Oscillospira;T38
2025-12-06 14:43:25.599827 INFO::Fitting model to feature number 39, [Eubacterium];T39
2025-12-06 14:43:25.609507 INFO::Fitting model to feature number 40, Desulfovibrio;T40
2025-12-06 14:43:25.617862 INFO::Fitting model to feature number 41, Unclassified Lachnospiraceae;T41
2025-12-06 14:43:25.627172 INFO::Fitting model to feature number 42, Unclassified Tenericutes;T42
2025-12-06 14:43:25.635306 INFO::Fitting model to feature number 43, Unclassified Burkholderiaceae;T43
2025-12-06 14:43:25.644339 INFO::Fitting model to feature number 44, Synergistes;T44
2025-12-06 14:43:25.653973 INFO::Fitting model to feature number 45, Parvimonas;T45
2025-12-06 14:43:25.662659 INFO::Fitting model to feature number 46, Unclassified Clostridiaceae;T46
2025-12-06 14:43:25.671869 INFO::Fitting model to feature number 47, Unclassified Coriobacteriaceae;T47
2025-12-06 14:43:25.684518 INFO::Fitting model to feature number 48, Clostridium;T48
2025-12-06 14:43:25.694828 INFO::Fitting model to feature number 49, Veillonella;T49
2025-12-06 14:43:25.706832 INFO::Fitting model to feature number 50, Aggregatibacter;T50
2025-12-06 14:43:25.717142 INFO::Fitting model to feature number 51, Bifidobacterium;T51
2025-12-06 14:43:25.726197 INFO::Fitting model to feature number 52, Lachnobacterium;T52
2025-12-06 14:43:25.813509 WARNING::Deleting existing residuals file: maaslin3/Total.SCFA_mg.mL.out/fits/residuals_linear.rds
2025-12-06 14:43:25.823872 INFO::Writing residuals to file maaslin3/Total.SCFA_mg.mL.out/fits/residuals_linear.rds
2025-12-06 14:43:25.829707 WARNING::Deleting existing fitted file: maaslin3/Total.SCFA_mg.mL.out/fits/fitted_linear.rds
2025-12-06 14:43:25.83329 INFO::Writing fitted values to file maaslin3/Total.SCFA_mg.mL.out/fits/fitted_linear.rds
2025-12-06 14:43:25.840516 WARNING::Deleting existing residuals file: maaslin3/Total.SCFA_mg.mL.out/fits/residuals_logistic.rds
2025-12-06 14:43:25.845238 INFO::Writing residuals to file maaslin3/Total.SCFA_mg.mL.out/fits/residuals_logistic.rds
2025-12-06 14:43:25.853202 WARNING::Deleting existing fitted file: maaslin3/Total.SCFA_mg.mL.out/fits/fitted_logistic.rds
2025-12-06 14:43:25.85711 INFO::Writing fitted values to file maaslin3/Total.SCFA_mg.mL.out/fits/fitted_logistic.rds
2025-12-06 14:43:25.868165 INFO::Writing all the results to file (ordered 
            by increasing individual q-values): maaslin3/Total.SCFA_mg.mL.out/all_results.tsv
2025-12-06 14:43:25.884885 INFO::Writing the significant results without errors (those which have joint q-values less than or equal to the threshold of 0.100000 ) to file (ordered by increasing individual q-values): maaslin3/Total.SCFA_mg.mL.out/significant_results.tsv
2025-12-06 14:43:25.891504 INFO::Writing summary plot of significant
                        results to file: maaslin3/Total.SCFA_mg.mL.out/figures/summary_plot.pdf
